1.0000000000
1.0000000000
1.0000000000
1.0000000000
1.0000000000
1.0000000000
1.0000000000
1.0000000000
1.0000000000
1.0000000000
1.0000000000
1.0000000000
1.0000000000
1.0000000000
1.0000000000
1.0000000000
1.0000000000
1.0000000000
1.0000000000
1.0000000000
1.0000000000
1.0000000000
1.0000000000
1.0000000000
1.0000000000
1.0000000000
1.0000000000
1.0000000000
1.0000000000
1.0000000000
1.0000000000
1.0000000000
1.0000000000
1.0000000000
1.0000000000
1.0000000000
1.0000000000
1.0000000000
1.0000000000
1.0000000000
1.0000000000
1.0000000000
1.0000000000
1.0000000000
1.0000000000
1.0000000000
1.0000000000
1.0000000000
1.0000000000
1.0000000000
1.0000000000
1.0000000000
1.0000000000
1.0000000000
1.0000000000
1.0000000000
1.0000000000
1.0000000000
1.0000000000
1.0000000000
1.0000000000
1.0000000000
0.9965452377
0.9836283347
0.9667564711
0.9485252125
0.9297862627
0.9108668874
0.8919120272
0.8730135705
0.8542289418
0.8355987236
0.8171528217
0.7989128610
0.7808950926
0.7631117528
0.7455725413
0.7282853781
0.7112566760
0.6944916510
0.6779945803
0.6617689745
0.6458176015
0.6301423958
0.6147443617
0.5996235150
0.5847788695
0.5702084884
0.5559096224
0.5418789513
0.5281129271
0.5146083502
0.5013637737
0.4883837077
0.4756890360
0.4633454984
0.4515173695
0.4406563130
0.4317830273
0.4268603948
0.4261680756
0.4267570371
0.4268003454
0.4260975860
0.4261011136
0.4260963877
0.4260221510
0.4260284793
0.4260162244
0.4259744913
0.4258644259
0.4256729081
0.4254907296
0.4254014981
0.4254715118
0.4255790672
0.4256281461
0.4257533691
0.4261942987
0.4270250638
0.4280203003
0.4283973126
0.4282444900
0.4271602323
0.4225461523
0.4104958230
0.3898832498
0.3617466000
0.3291935159
0.2968651758
0.2711897198
0.2594757743
0.2592027840
0.2595017356
0.2604296061
0.2618893705
0.2635230412
0.2650340246
0.2661678951
0.2665123569
0.2665077317
0.2664407292
0.2664007074
0.2663036224
0.2661740142
0.2659230636
0.2658510933
0.2656980916
0.2655072721
0.2655745673
0.2646668537
0.2621455634
0.2486945046
0.1958443587
0.1319175551
0.1250000000
0.1250000000
0.1250000000
0.1250000000
0.1250000000
0.1250000000
0.1250000000
0.1250000000
0.1250000000
0.1250000000
0.1250000000
0.1250000000
0.1250000000
0.1250000000
0.1250000000
0.1250000000
0.1250000000
0.1250000000
0.1250000000
0.1250000000
0.1250000000
0.1250000000
0.1250000000
0.1250000000
0.1250000000
0.1250000000
0.1250000000
0.1250000000
0.1250000000
0.1250000000
0.1250000000
0.1250000000
0.1250000000
0.1250000000
0.1250000000
0.1250000000
0.1250000000
0.1250000000
0.1250000000
0.1250000000
0.1250000000
0.1250000000
0.1250000000
0.1250000000
0.1250000000
