2.5000000000
2.5000000000
2.5000000000
2.5000000000
2.5000000000
2.5000000000
2.5000000000
2.5000000000
2.5000000000
2.5000000000
2.5000000000
2.5000000000
2.5000000000
2.5000000000
2.5000000000
2.5000000000
2.5000000000
2.5000000000
2.5000000000
2.5000000000
2.5000000000
2.5000000000
2.5000000000
2.5000000000
2.5000000000
2.5000000000
2.5000000000
2.5000000000
2.5000000000
2.5000000000
2.5000000000
2.5000000000
2.5000000000
2.5000000000
2.5000000000
2.5000000000
2.5000000000
2.5000000000
2.5000000000
2.5000000000
2.5000000000
2.5000000000
2.5000000000
2.5000000000
2.5000000000
2.5000000000
2.5000000000
2.5000000000
2.5000000000
2.5000000000
2.5000000000
2.5000000000
2.5000000000
2.5000000000
2.5000000000
2.5000000000
2.5000000000
2.5000000000
2.5000000000
2.5000000000
2.5000000000
2.5000000000
2.4965155680
2.4837137376
2.4672321660
2.4496810349
2.4319571699
2.4144127029
2.3972109347
2.3804586383
2.3642273110
2.3485692022
2.3335237604
2.3191220101
2.3053901835
2.2923503468
2.2800208415
2.2684170898
2.2575526405
2.2474399206
2.2380903225
2.2295139847
2.2217196624
2.2147148089
2.2085057892
2.2030981037
2.1984965776
2.1947055222
2.1917288755
2.1895703247
2.1882334106
2.1877216247
2.1880382618
2.1891858231
2.1911605702
2.1939454223
2.1974458263
2.2015336797
2.2048660556
2.2100586821
2.2078516508
2.2076082321
2.2075208289
2.2078716571
2.2078684671
2.2078468172
2.2078478888
2.2077382577
2.2076529611
2.2077254545
2.2081666067
2.2089969896
2.2099109655
2.2103377784
2.2102706532
2.2101935695
2.2101010027
2.2096591929
2.2082096933
2.2050918574
2.2011314251
2.1995625939
2.2002180910
2.2047301589
2.2241299331
2.2769165273
2.3746474511
2.5259269169
2.7332154741
2.9833497336
3.2267581252
3.3534338054
3.3555344340
3.3521908283
3.3413618909
3.3248658053
3.3063819195
3.2896991114
3.2775267905
3.2733573878
3.2734699390
3.2738228727
3.2746783772
3.2758090725
3.2775756618
3.2802868915
3.2818679285
3.2828969944
3.2836049573
3.2821529619
3.2768819615
3.2507746057
3.1388164343
2.6803569957
2.0517242783
2.0000000000
2.0000000000
2.0000000000
2.0000000000
2.0000000000
2.0000000000
2.0000000000
2.0000000000
2.0000000000
2.0000000000
2.0000000000
2.0000000000
2.0000000000
2.0000000000
2.0000000000
2.0000000000
2.0000000000
2.0000000000
2.0000000000
2.0000000000
2.0000000000
2.0000000000
2.0000000000
2.0000000000
2.0000000000
2.0000000000
2.0000000000
2.0000000000
2.0000000000
2.0000000000
2.0000000000
2.0000000000
2.0000000000
2.0000000000
2.0000000000
2.0000000000
2.0000000000
2.0000000000
2.0000000000
2.0000000000
2.0000000000
2.0000000000
2.0000000000
2.0000000000
2.0000000000
