MATLAB Sod Shock Tube Results (t = 0.150)
x,density,velocity,pressure,energy
0.002500,1.000000,0.000000,1.000000,2.500000
0.007500,1.000000,0.000000,1.000000,2.500000
0.012500,1.000000,0.000000,1.000000,2.500000
0.017500,1.000000,0.000000,1.000000,2.500000
0.022500,1.000000,0.000000,1.000000,2.500000
0.027500,1.000000,0.000000,1.000000,2.500000
0.032500,1.000000,0.000000,1.000000,2.500000
0.037500,1.000000,0.000000,1.000000,2.500000
0.042500,1.000000,0.000000,1.000000,2.500000
0.047500,1.000000,0.000000,1.000000,2.500000
0.052500,1.000000,0.000000,1.000000,2.500000
0.057500,1.000000,0.000000,1.000000,2.500000
0.062500,1.000000,0.000000,1.000000,2.500000
0.067500,1.000000,0.000000,1.000000,2.500000
0.072500,1.000000,0.000000,1.000000,2.500000
0.077500,1.000000,0.000000,1.000000,2.500000
0.082500,1.000000,0.000000,1.000000,2.500000
0.087500,1.000000,0.000000,1.000000,2.500000
0.092500,1.000000,0.000000,1.000000,2.500000
0.097500,1.000000,0.000000,1.000000,2.500000
0.102500,1.000000,0.000000,1.000000,2.500000
0.107500,1.000000,0.000000,1.000000,2.500000
0.112500,1.000000,0.000000,1.000000,2.500000
0.117500,1.000000,0.000000,1.000000,2.500000
0.122500,1.000000,0.000000,1.000000,2.500000
0.127500,1.000000,0.000000,1.000000,2.500000
0.132500,1.000000,0.000000,1.000000,2.500000
0.137500,1.000000,0.000000,1.000000,2.500000
0.142500,1.000000,0.000000,1.000000,2.500000
0.147500,1.000000,0.000000,1.000000,2.500000
0.152500,1.000000,0.000000,1.000000,2.500000
0.157500,1.000000,0.000000,1.000000,2.500000
0.162500,1.000000,0.000000,1.000000,2.500000
0.167500,1.000000,0.000000,1.000000,2.500000
0.172500,1.000000,0.000000,1.000000,2.500000
0.177500,1.000000,0.000000,1.000000,2.500000
0.182500,1.000000,0.000000,1.000000,2.500000
0.187500,1.000000,0.000000,1.000000,2.500000
0.192500,1.000000,0.000000,1.000000,2.500000
0.197500,1.000000,0.000000,1.000000,2.500000
0.202500,1.000000,0.000000,1.000000,2.500000
0.207500,1.000000,0.000000,1.000000,2.500000
0.212500,1.000000,0.000000,1.000000,2.500000
0.217500,1.000000,0.000000,1.000000,2.500000
0.222500,1.000000,0.000000,1.000000,2.500000
0.227500,1.000000,0.000000,1.000000,2.500000
0.232500,1.000000,0.000000,1.000000,2.500000
0.237500,1.000000,0.000000,1.000000,2.500000
0.242500,1.000000,0.000000,1.000000,2.500000
0.247500,1.000000,0.000000,1.000000,2.500000
0.252500,1.000000,0.000000,1.000000,2.500000
0.257500,1.000000,0.000000,1.000000,2.500000
0.262500,1.000000,0.000000,1.000000,2.500000
0.267500,1.000000,0.000000,1.000000,2.500000
0.272500,1.000000,0.000000,1.000000,2.500000
0.277500,1.000000,0.000000,1.000000,2.500000
0.282500,1.000000,0.000000,1.000000,2.500000
0.287500,1.000000,0.000000,1.000000,2.500000
0.292500,1.000000,0.000000,1.000000,2.500000
0.297500,1.000000,0.000000,1.000000,2.500000
0.302500,1.000000,0.000000,1.000000,2.500000
0.307500,1.000000,0.000000,1.000000,2.500000
0.312500,0.996545,0.004103,0.995153,2.496516
0.317500,0.983628,0.019504,0.977146,2.483714
0.322500,0.966756,0.039850,0.953778,2.467232
0.327500,0.948525,0.062170,0.928700,2.449681
0.332500,0.929786,0.085478,0.903121,2.431957
0.337500,0.910867,0.109396,0.877503,2.414413
0.342500,0.891912,0.133762,0.852049,2.397211
0.347500,0.873014,0.158472,0.826884,2.380459
0.352500,0.854229,0.183461,0.802086,2.364227
0.357500,0.835599,0.208682,0.777707,2.348569
0.362500,0.817153,0.234100,0.753782,2.333524
0.367500,0.798913,0.259691,0.730335,2.319122
0.372500,0.780895,0.285434,0.707383,2.305390
0.377500,0.763112,0.311311,0.684936,2.292350
0.382500,0.745573,0.337310,0.663002,2.280021
0.387500,0.728285,0.363418,0.641585,2.268417
0.392500,0.711257,0.389625,0.620685,2.257553
0.397500,0.694492,0.415921,0.600303,2.247440
0.402500,0.677995,0.442297,0.580438,2.238090
0.407500,0.661769,0.468745,0.561088,2.229514
0.412500,0.645818,0.495257,0.542249,2.221720
0.417500,0.630142,0.521825,0.523917,2.214715
0.422500,0.614744,0.548444,0.506085,2.208506
0.427500,0.599624,0.575107,0.488747,2.203098
0.432500,0.584779,0.601811,0.471895,2.198497
0.437500,0.570208,0.628554,0.455520,2.194706
0.442500,0.555910,0.655335,0.439613,2.191729
0.447500,0.541879,0.682155,0.424162,2.189570
0.452500,0.528113,0.709014,0.409157,2.188233
0.457500,0.514608,0.735913,0.394589,2.187722
0.462500,0.501364,0.762848,0.380449,2.188038
0.467500,0.488384,0.789802,0.366736,2.189186
0.472500,0.475689,0.816723,0.353464,2.191161
0.477500,0.463345,0.843460,0.340695,2.193945
0.482500,0.451517,0.869600,0.328586,2.197446
0.487500,0.440656,0.894163,0.317584,2.201534
0.492500,0.431783,0.914385,0.308607,2.204866
0.497500,0.426860,0.926215,0.304116,2.210059
0.502500,0.426168,0.927718,0.303009,2.207852
0.507500,0.426757,0.926359,0.303601,2.207608
0.512500,0.426800,0.926209,0.303641,2.207521
0.517500,0.426098,0.927826,0.302945,2.207872
0.522500,0.426101,0.927803,0.302951,2.207868
0.527500,0.426096,0.927820,0.302941,2.207847
0.532500,0.426022,0.928025,0.302856,2.207848
0.537500,0.426028,0.928086,0.302832,2.207738
0.542500,0.426016,0.928129,0.302802,2.207653
0.547500,0.425974,0.928172,0.302778,2.207725
0.552500,0.425864,0.928212,0.302769,2.208167
0.557500,0.425673,0.928188,0.302778,2.208997
0.562500,0.425491,0.928110,0.302816,2.209911
0.567500,0.425401,0.928028,0.302838,2.210338
0.572500,0.425472,0.927757,0.302919,2.210271
0.577500,0.425579,0.927532,0.303018,2.210194
0.582500,0.425628,0.927513,0.303041,2.210101
0.587500,0.425753,0.927564,0.303046,2.209659
0.592500,0.426194,0.927507,0.303122,2.208210
0.597500,0.427025,0.927454,0.303189,2.205092
0.602500,0.428020,0.927467,0.303215,2.201131
0.607500,0.428397,0.927469,0.303213,2.199563
0.612500,0.428244,0.927452,0.303220,2.200218
0.617500,0.427160,0.927443,0.303225,2.204730
0.622500,0.422546,0.927447,0.303228,2.224130
0.627500,0.410496,0.927426,0.303251,2.276917
0.632500,0.389883,0.927426,0.303265,2.374647
0.637500,0.361747,0.927481,0.303262,2.525927
0.642500,0.329194,0.927504,0.303264,2.733215
0.647500,0.296865,0.927347,0.303202,2.983350
0.652500,0.271190,0.927782,0.303339,3.226758
0.657500,0.259476,0.927901,0.303372,3.353434
0.662500,0.259203,0.927594,0.303300,3.355534
0.667500,0.259502,0.927531,0.303309,3.352191
0.672500,0.260430,0.927384,0.303280,3.341362
0.677500,0.261889,0.927362,0.303254,3.324866
0.682500,0.263523,0.927276,0.303206,3.306382
0.687500,0.265034,0.927161,0.303187,3.289699
0.692500,0.266168,0.927162,0.303188,3.277527
0.697500,0.266512,0.927061,0.303146,3.273357
0.702500,0.266508,0.927032,0.303155,3.273470
0.707500,0.266441,0.927163,0.303104,3.273823
0.712500,0.266401,0.927116,0.303154,3.274678
0.717500,0.266304,0.927274,0.303148,3.275809
0.722500,0.266174,0.927239,0.303192,3.277576
0.727500,0.265923,0.927596,0.303160,3.280287
0.732500,0.265851,0.927307,0.303274,3.281868
0.737500,0.265698,0.927502,0.303190,3.282897
0.742500,0.265507,0.927758,0.303022,3.283605
0.747500,0.265575,0.925950,0.303123,3.282153
0.752500,0.264667,0.924392,0.301681,3.276882
0.757500,0.262146,0.909379,0.297513,3.250775
0.762500,0.248695,0.847382,0.276527,3.138816
0.767500,0.195844,0.556253,0.197854,2.680357
0.772500,0.131918,0.061288,0.108164,2.051724
0.777500,0.125000,0.000000,0.100000,2.000000
0.782500,0.125000,0.000000,0.100000,2.000000
0.787500,0.125000,0.000000,0.100000,2.000000
0.792500,0.125000,0.000000,0.100000,2.000000
0.797500,0.125000,0.000000,0.100000,2.000000
0.802500,0.125000,0.000000,0.100000,2.000000
0.807500,0.125000,0.000000,0.100000,2.000000
0.812500,0.125000,0.000000,0.100000,2.000000
0.817500,0.125000,0.000000,0.100000,2.000000
0.822500,0.125000,0.000000,0.100000,2.000000
0.827500,0.125000,0.000000,0.100000,2.000000
0.832500,0.125000,0.000000,0.100000,2.000000
0.837500,0.125000,0.000000,0.100000,2.000000
0.842500,0.125000,0.000000,0.100000,2.000000
0.847500,0.125000,0.000000,0.100000,2.000000
0.852500,0.125000,0.000000,0.100000,2.000000
0.857500,0.125000,0.000000,0.100000,2.000000
0.862500,0.125000,0.000000,0.100000,2.000000
0.867500,0.125000,0.000000,0.100000,2.000000
0.872500,0.125000,0.000000,0.100000,2.000000
0.877500,0.125000,0.000000,0.100000,2.000000
0.882500,0.125000,0.000000,0.100000,2.000000
0.887500,0.125000,0.000000,0.100000,2.000000
0.892500,0.125000,0.000000,0.100000,2.000000
0.897500,0.125000,0.000000,0.100000,2.000000
0.902500,0.125000,0.000000,0.100000,2.000000
0.907500,0.125000,0.000000,0.100000,2.000000
0.912500,0.125000,0.000000,0.100000,2.000000
0.917500,0.125000,0.000000,0.100000,2.000000
0.922500,0.125000,0.000000,0.100000,2.000000
0.927500,0.125000,0.000000,0.100000,2.000000
0.932500,0.125000,0.000000,0.100000,2.000000
0.937500,0.125000,0.000000,0.100000,2.000000
0.942500,0.125000,0.000000,0.100000,2.000000
0.947500,0.125000,0.000000,0.100000,2.000000
0.952500,0.125000,0.000000,0.100000,2.000000
0.957500,0.125000,0.000000,0.100000,2.000000
0.962500,0.125000,0.000000,0.100000,2.000000
0.967500,0.125000,0.000000,0.100000,2.000000
0.972500,0.125000,0.000000,0.100000,2.000000
0.977500,0.125000,0.000000,0.100000,2.000000
0.982500,0.125000,0.000000,0.100000,2.000000
0.987500,0.125000,0.000000,0.100000,2.000000
0.992500,0.125000,0.000000,0.100000,2.000000
0.997500,0.125000,0.000000,0.100000,2.000000
