1.0000000000
1.0000000000
1.0000000000
1.0000000000
1.0000000000
1.0000000000
1.0000000000
1.0000000000
1.0000000000
1.0000000000
1.0000000000
1.0000000000
1.0000000000
1.0000000000
1.0000000000
1.0000000000
1.0000000000
1.0000000000
1.0000000000
1.0000000000
1.0000000000
1.0000000000
1.0000000000
1.0000000000
1.0000000000
1.0000000000
1.0000000000
1.0000000000
1.0000000000
1.0000000000
1.0000000000
1.0000000000
1.0000000000
1.0000000000
1.0000000000
1.0000000000
1.0000000000
1.0000000000
1.0000000000
1.0000000000
1.0000000000
1.0000000000
1.0000000000
1.0000000000
1.0000000000
1.0000000000
1.0000000000
1.0000000000
1.0000000000
1.0000000000
1.0000000000
1.0000000000
1.0000000000
1.0000000000
1.0000000000
1.0000000000
1.0000000000
1.0000000000
1.0000000000
1.0000000000
1.0000000000
1.0000000000
0.9951529250
0.9771456466
0.9537780184
0.9287004510
0.9031214520
0.8775032720
0.8520488363
0.8268842099
0.8020862534
0.7777068284
0.7537817193
0.7303348904
0.7073828725
0.6849364559
0.6630024247
0.6415846780
0.6206849168
0.6003032386
0.5804384514
0.5610882191
0.5422490981
0.5239165140
0.5060847472
0.4887469352
0.4718951028
0.4555202571
0.4396125755
0.4241616990
0.4091571274
0.3945888551
0.3804488702
0.3667355148
0.3534640153
0.3406947393
0.3285861637
0.3175844594
0.3086068223
0.3041161750
0.3030090627
0.3036014466
0.3036409296
0.3029453843
0.3029508820
0.3029411693
0.3028561551
0.3028323963
0.3028023163
0.3027782168
0.3027687238
0.3027777986
0.3028160379
0.3028381829
0.3029193532
0.3030184234
0.3030406423
0.3030463993
0.3031222591
0.3031889008
0.3032154622
0.3032133056
0.3032202026
0.3032248299
0.3032277442
0.3032507772
0.3032649199
0.3032617495
0.3032640781
0.3032018886
0.3033385186
0.3033722371
0.3033003111
0.3033091212
0.3032798035
0.3032538416
0.3032056029
0.3031867898
0.3031877807
0.3031456739
0.3031552877
0.3031037822
0.3031539810
0.3031483369
0.3031924111
0.3031596870
0.3032743333
0.3031899218
0.3030221172
0.3031226731
0.3016812327
0.2975131691
0.2765272276
0.1978536050
0.1081642775
0.1000000000
0.1000000000
0.1000000000
0.1000000000
0.1000000000
0.1000000000
0.1000000000
0.1000000000
0.1000000000
0.1000000000
0.1000000000
0.1000000000
0.1000000000
0.1000000000
0.1000000000
0.1000000000
0.1000000000
0.1000000000
0.1000000000
0.1000000000
0.1000000000
0.1000000000
0.1000000000
0.1000000000
0.1000000000
0.1000000000
0.1000000000
0.1000000000
0.1000000000
0.1000000000
0.1000000000
0.1000000000
0.1000000000
0.1000000000
0.1000000000
0.1000000000
0.1000000000
0.1000000000
0.1000000000
0.1000000000
0.1000000000
0.1000000000
0.1000000000
0.1000000000
0.1000000000
