0.0000000000
0.0000000000
0.0000000000
0.0000000000
0.0000000000
0.0000000000
0.0000000000
0.0000000000
0.0000000000
0.0000000000
0.0000000000
0.0000000000
0.0000000000
0.0000000000
0.0000000000
0.0000000000
0.0000000000
0.0000000000
0.0000000000
0.0000000000
0.0000000000
0.0000000000
0.0000000000
0.0000000000
0.0000000000
0.0000000000
0.0000000000
0.0000000000
0.0000000000
0.0000000000
0.0000000000
0.0000000000
0.0000000000
0.0000000000
0.0000000000
0.0000000000
0.0000000000
0.0000000000
0.0000000000
0.0000000000
0.0000000000
0.0000000000
0.0000000000
0.0000000000
0.0000000000
0.0000000000
0.0000000000
0.0000000000
0.0000000000
0.0000000000
0.0000000000
0.0000000000
0.0000000000
0.0000000000
0.0000000000
0.0000000000
0.0000000000
0.0000000000
0.0000000000
0.0000000000
0.0000000000
0.0000000000
0.0041028826
0.0195041111
0.0398500136
0.0621703378
0.0854780209
0.1093961074
0.1337620589
0.1584720860
0.1834607957
0.2086817483
0.2341004795
0.2596913178
0.2854337095
0.3113111665
0.3373099266
0.3634180596
0.3896249854
0.4159210435
0.4422972697
0.4687452434
0.4952570328
0.5218253174
0.5484436532
0.5751068066
0.6018110288
0.6285541493
0.6553354348
0.6821552231
0.7090143310
0.7359129605
0.7628476376
0.7898023874
0.8167231444
0.8434603944
0.8695997286
0.8941633857
0.9143845071
0.9262145410
0.9277184503
0.9263586890
0.9262094856
0.9278257653
0.9278034216
0.9278202591
0.9280252658
0.9280858102
0.9281290192
0.9281719458
0.9282124743
0.9281881396
0.9281104901
0.9280280236
0.9277572964
0.9275317508
0.9275125397
0.9275641918
0.9275065253
0.9274539182
0.9274665192
0.9274690621
0.9274515799
0.9274428096
0.9274469268
0.9274264080
0.9274259249
0.9274812632
0.9275040176
0.9273469418
0.9277822700
0.9279005221
0.9275943419
0.9275313265
0.9273838845
0.9273617655
0.9272755214
0.9271607968
0.9271623430
0.9270611542
0.9270320487
0.9271626452
0.9271164390
0.9272744722
0.9272387534
0.9275962206
0.9273065778
0.9275017852
0.9277580541
0.9259502311
0.9243918701
0.9093787398
0.8473820324
0.5562526170
0.0612881260
0.0000000000
0.0000000000
0.0000000000
0.0000000000
0.0000000000
0.0000000000
0.0000000000
0.0000000000
0.0000000000
0.0000000000
0.0000000000
0.0000000000
0.0000000000
0.0000000000
0.0000000000
0.0000000000
0.0000000000
0.0000000000
0.0000000000
0.0000000000
0.0000000000
0.0000000000
0.0000000000
0.0000000000
0.0000000000
0.0000000000
0.0000000000
0.0000000000
0.0000000000
0.0000000000
0.0000000000
0.0000000000
0.0000000000
0.0000000000
0.0000000000
0.0000000000
0.0000000000
0.0000000000
0.0000000000
0.0000000000
0.0000000000
0.0000000000
0.0000000000
0.0000000000
0.0000000000
